solutions_1 =

    1.5000
    1.0000


solutions_2 =

  -0.2407 + 1.0785i
  -0.2407 - 1.0785i
   1.0529 + 0.0000i


solutions_3 =

   1.6644 + 0.0000i
   0.3747 + 1.9820i
   0.3747 - 1.9820i
  -1.2069 + 1.0266i
  -1.2069 - 1.0266i